
        #include <petsc.h>
        #include <stdbool.h>
        #include <math.h>
        
        


        
            #include <immintrin.h>

            
            // This code is generated visiting a COFFEE AST

#include "firedrake_geometry.h"


static inline void form_cell_integral_0_otherwise (double A[4][4] , double** coordinate_dofs , double** w0 , double** w1 )
{
  // This code is generated visiting a COFFEE AST
  
  // Preevaluated tables
  static const double IP_J_K_1_3_9[4][4]  = {{0.00119047619048, 0.000396825396825, 0.000396825396825, 0.000793650793651}, 
  {0.000396825396825, 0.000396825396825, 0.000198412698413, 0.000396825396825}, 
  {0.000396825396825, 0.000198412698413, 0.000396825396825, 0.000396825396825}, 
  {0.000793650793651, 0.000396825396825, 0.000396825396825, 0.00119047619048}};
  static const double IP_J_K_1_3_8[4][4]  = {{0.00119047619048, 0.000793650793651, 0.000396825396825, 0.000396825396825}, 
  {0.000793650793651, 0.00119047619048, 0.000396825396825, 0.000396825396825}, 
  {0.000396825396825, 0.000396825396825, 0.000396825396825, 0.000198412698413}, 
  {0.000396825396825, 0.000396825396825, 0.000198412698413, 0.000396825396825}};
  static const double IP_J_K_1_3_7[4][4]  = {{0.000793650793651, 0.000396825396825, 0.000396825396825, 0.00119047619048}, 
  {0.000396825396825, 0.000793650793651, 0.000396825396825, 0.00119047619048}, 
  {0.000396825396825, 0.000396825396825, 0.000793650793651, 0.00119047619048}, 
  {0.00119047619048, 0.00119047619048, 0.00119047619048, 0.0047619047619}};
  static const double IP_J_K_1_3_6[4][4]  = {{0.000396825396825, 0.000198412698413, 0.000396825396825, 0.000396825396825}, 
  {0.000198412698413, 0.000396825396825, 0.000396825396825, 0.000396825396825}, 
  {0.000396825396825, 0.000396825396825, 0.00119047619048, 0.000793650793651}, 
  {0.000396825396825, 0.000396825396825, 0.000793650793651, 0.00119047619048}};
  static const double IP_J_K_1_3_5[4][4]  = {{0.0047619047619, 0.00119047619048, 0.00119047619048, 0.00119047619048}, 
  {0.00119047619048, 0.000793650793651, 0.000396825396825, 0.000396825396825}, 
  {0.00119047619048, 0.000396825396825, 0.000793650793651, 0.000396825396825}, 
  {0.00119047619048, 0.000396825396825, 0.000396825396825, 0.000793650793651}};
  static const double IP_J_K_1_3_4[4][4]  = {{0.000396825396825, 0.000396825396825, 0.000198412698413, 0.000396825396825}, 
  {0.000396825396825, 0.00119047619048, 0.000396825396825, 0.000793650793651}, 
  {0.000198412698413, 0.000396825396825, 0.000396825396825, 0.000396825396825}, 
  {0.000396825396825, 0.000793650793651, 0.000396825396825, 0.00119047619048}};
  static const double IP_J_K_1_3_3[4][4]  = {{0.00119047619048, 0.000396825396825, 0.000793650793651, 0.000396825396825}, 
  {0.000396825396825, 0.000396825396825, 0.000396825396825, 0.000198412698413}, 
  {0.000793650793651, 0.000396825396825, 0.00119047619048, 0.000396825396825}, 
  {0.000396825396825, 0.000198412698413, 0.000396825396825, 0.000396825396825}};
  static const double IP_J_K_1_3_2[4][4]  = {{0.000396825396825, 0.000396825396825, 0.000396825396825, 0.000198412698413}, 
  {0.000396825396825, 0.00119047619048, 0.000793650793651, 0.000396825396825}, 
  {0.000396825396825, 0.000793650793651, 0.00119047619048, 0.000396825396825}, 
  {0.000198412698413, 0.000396825396825, 0.000396825396825, 0.000396825396825}};
  static const double IP_J_K_1_3_1[4][4]  = {{0.000793650793651, 0.000396825396825, 0.00119047619048, 0.000396825396825}, 
  {0.000396825396825, 0.000793650793651, 0.00119047619048, 0.000396825396825}, 
  {0.00119047619048, 0.00119047619048, 0.0047619047619, 0.00119047619048}, 
  {0.000396825396825, 0.000396825396825, 0.00119047619048, 0.000793650793651}};
  static const double IP_J_K_1_3_0[4][4]  = {{0.000793650793651, 0.00119047619048, 0.000396825396825, 0.000396825396825}, 
  {0.00119047619048, 0.0047619047619, 0.00119047619048, 0.00119047619048}, 
  {0.000396825396825, 0.00119047619048, 0.000793650793651, 0.000396825396825}, 
  {0.000396825396825, 0.00119047619048, 0.000396825396825, 0.000793650793651}};
  
  // Compute Jacobian
  double J[9];
  compute_jacobian_tetrahedron_3d(J, coordinate_dofs);
  
  // Compute Jacobian inverse and determinant
  double K[9];
  double detJ;
  compute_jacobian_inverse_tetrahedron_3d(K, detJ, J);
  
  const double det = fabs(detJ);
  
  // Compute cell volume
  
  
  // Compute circumradius
  
  
  static const double W14[14]  = {0.00317460317460317, 0.00317460317460317, 0.00317460317460317, 0.00317460317460317, 0.00317460317460317, 0.00317460317460317, 0.0147649707904968, 0.0147649707904968, 0.0147649707904968, 0.0147649707904968, 0.0221397911142651, 0.0221397911142651, 0.0221397911142651, 0.0221397911142651};
  static const double FE0[14][4]  = {{0.0, 0.0, 0.5, 0.5}, 
  {0.0, 0.5, 0.0, 0.5}, 
  {0.0, 0.5, 0.5, 0.0}, 
  {0.5, 0.5, 0.0, 0.0}, 
  {0.5, 0.0, 0.5, 0.0}, 
  {0.5, 0.0, 0.0, 0.5}, 
  {0.100526765225205, 0.698419704324386, 0.100526765225205, 0.100526765225205}, 
  {0.698419704324387, 0.100526765225204, 0.100526765225205, 0.100526765225205}, 
  {0.100526765225205, 0.100526765225204, 0.100526765225205, 0.698419704324386}, 
  {0.100526765225205, 0.100526765225204, 0.698419704324386, 0.100526765225205}, 
  {0.314372873493192, 0.0568813795204234, 0.314372873493192, 0.314372873493192}, 
  {0.0568813795204235, 0.314372873493192, 0.314372873493192, 0.314372873493192}, 
  {0.314372873493192, 0.314372873493192, 0.314372873493192, 0.0568813795204234}, 
  {0.314372873493192, 0.314372873493192, 0.0568813795204235, 0.314372873493192}};
  double CONST_1_1_0  = (w1[3][0] * w0[1][0] * det);
  double CONST_1_1_1  = (w1[2][0] * w0[3][0] * det);
  double CONST_1_1_2  = (w1[0][0] * w0[0][0] * det);
  double CONST_1_1_3  = (w1[3][0] * w0[2][0] * det);
  double CONST_1_1_4  = (w1[1][0] * w0[1][0] * det);
  double CONST_1_1_5  = (w1[2][0] * w0[0][0] * det);
  double CONST_1_1_6  = (w1[3][0] * w0[3][0] * det);
  double CONST_1_1_7  = (w1[1][0] * w0[0][0] * det);
  double CONST_1_1_8  = (w1[0][0] * w0[2][0] * det);
  double CONST_1_1_9  = (w1[1][0] * w0[2][0] * det);
  double CONST_1_1_10  = (w1[2][0] * w0[1][0] * det);
  double CONST_1_1_11  = (w1[3][0] * w0[0][0] * det);
  double CONST_1_1_12  = (w1[2][0] * w0[2][0] * det);
  double CONST_1_1_13  = (w1[0][0] * w0[3][0] * det);
  double CONST_1_1_14  = (w1[0][0] * w0[1][0] * det);
  double CONST_1_1_15  = (w1[1][0] * w0[3][0] * det);
  double CONST_1_5_0  = (CONST_1_1_13 + CONST_1_1_11);
  double CONST_1_5_1  = (CONST_1_1_8 + CONST_1_1_5);
  double CONST_1_5_2  = (CONST_1_1_9 + CONST_1_1_10);
  double CONST_1_5_3  = (CONST_1_1_15 + CONST_1_1_0);
  double CONST_1_5_4  = (CONST_1_1_14 + CONST_1_1_7);
  double CONST_1_5_5  = (CONST_1_1_1 + CONST_1_1_3);
  
  
  for (int j  = 0; j < 4; j += 1)
  {
    
    for (int k  = 0; k < 4; k += 1)
    {
      A[j][k] += ((IP_J_K_1_3_5[j][k] * CONST_1_1_2) + (IP_J_K_1_3_8[j][k] * CONST_1_5_4) + (IP_J_K_1_3_3[j][k] * CONST_1_5_1) + (IP_J_K_1_3_9[j][k] * CONST_1_5_0) + (IP_J_K_1_3_0[j][k] * CONST_1_1_4) + (IP_J_K_1_3_2[j][k] * CONST_1_5_2) + (IP_J_K_1_3_4[j][k] * CONST_1_5_3) + (IP_J_K_1_3_1[j][k] * CONST_1_1_12) + (IP_J_K_1_3_6[j][k] * CONST_1_5_5) + (IP_J_K_1_3_7[j][k] * CONST_1_1_6));
      
    }
    
  }
  
}
            

        
        void wrap_form_cell_integral_0_otherwise(int start, int end,
                      Mat arg0_0_, int *arg0_0_map0_0, int *arg0_0_map1_0, double *arg1_0, int *arg1_0_map0_0, double *arg2_0, int *arg2_0_map0_0, double *arg3_0, int *arg3_0_map0_0
                      ) {
  Mat arg0_0_0 = arg0_0_;
  double *arg1_0_vec[12];
    double *arg2_0_vec[4];
    double *arg3_0_vec[4];
  for ( int n = start; n < end; n++ ) {
    int i = n;
    arg1_0_vec[0] = arg1_0 + (arg1_0_map0_0[i * 4 + 0])* 3;
    arg1_0_vec[1] = arg1_0 + (arg1_0_map0_0[i * 4 + 1])* 3;
    arg1_0_vec[2] = arg1_0 + (arg1_0_map0_0[i * 4 + 2])* 3;
    arg1_0_vec[3] = arg1_0 + (arg1_0_map0_0[i * 4 + 3])* 3;
    arg1_0_vec[4] = arg1_0 + (arg1_0_map0_0[i * 4 + 0])* 3 + 1;
    arg1_0_vec[5] = arg1_0 + (arg1_0_map0_0[i * 4 + 1])* 3 + 1;
    arg1_0_vec[6] = arg1_0 + (arg1_0_map0_0[i * 4 + 2])* 3 + 1;
    arg1_0_vec[7] = arg1_0 + (arg1_0_map0_0[i * 4 + 3])* 3 + 1;
    arg1_0_vec[8] = arg1_0 + (arg1_0_map0_0[i * 4 + 0])* 3 + 2;
    arg1_0_vec[9] = arg1_0 + (arg1_0_map0_0[i * 4 + 1])* 3 + 2;
    arg1_0_vec[10] = arg1_0 + (arg1_0_map0_0[i * 4 + 2])* 3 + 2;
    arg1_0_vec[11] = arg1_0 + (arg1_0_map0_0[i * 4 + 3])* 3 + 2;
    arg2_0_vec[0] = arg2_0 + (arg2_0_map0_0[i * 4 + 0])* 1;
    arg2_0_vec[1] = arg2_0 + (arg2_0_map0_0[i * 4 + 1])* 1;
    arg2_0_vec[2] = arg2_0 + (arg2_0_map0_0[i * 4 + 2])* 1;
    arg2_0_vec[3] = arg2_0 + (arg2_0_map0_0[i * 4 + 3])* 1;
    arg3_0_vec[0] = arg3_0 + (arg3_0_map0_0[i * 4 + 0])* 1;
    arg3_0_vec[1] = arg3_0 + (arg3_0_map0_0[i * 4 + 1])* 1;
    arg3_0_vec[2] = arg3_0 + (arg3_0_map0_0[i * 4 + 2])* 1;
    arg3_0_vec[3] = arg3_0 + (arg3_0_map0_0[i * 4 + 3])* 1;
    double buffer_arg0_0[4][4] __attribute__((aligned(32))) = {{0.0}};
    form_cell_integral_0_otherwise(buffer_arg0_0, arg1_0_vec, arg2_0_vec, arg3_0_vec);
    MatSetValuesLocal(arg0_0_0, 4, arg0_0_map0_0 + i * 4,
                                             4, arg0_0_map1_0 + i * 4,
                                             (const PetscScalar *)buffer_arg0_0,
                                             ADD_VALUES);;
  }
}
        
        