
        #include <petsc.h>
        #include <stdbool.h>
        #include <math.h>
        
        


        
            #include <immintrin.h>

            
            // This code is generated visiting a COFFEE AST

#include "firedrake_geometry.h"


void form_cell_integral_0_otherwise(double A[10][10], double **coordinate_dofs, double **w0)
{
  // Number of operations (multiply-add pairs) for Jacobian data:      2
  // Number of operations (multiply-add pairs) for geometry tensor:    10
  // Number of operations (multiply-add pairs) for tensor contraction: 914
  // Total number of operations (multiply-add pairs):                  926
  
  // Compute Jacobian
  double J[9];
  compute_jacobian_tetrahedron_3d(J, coordinate_dofs);
  
  // Compute Jacobian inverse and determinant
  double K[9];
  double detJ;
  compute_jacobian_inverse_tetrahedron_3d(K, detJ, J);
  
  const double det = fabs(detJ);
  
  // Compute geometry tensor
  const double G0_0 = det*w0[0][0]*(1.0);
  const double G0_1 = det*w0[1][0]*(1.0);
  const double G0_2 = det*w0[2][0]*(1.0);
  const double G0_3 = det*w0[3][0]*(1.0);
  const double G0_4 = det*w0[4][0]*(1.0);
  const double G0_5 = det*w0[5][0]*(1.0);
  const double G0_6 = det*w0[6][0]*(1.0);
  const double G0_7 = det*w0[7][0]*(1.0);
  const double G0_8 = det*w0[8][0]*(1.0);
  const double G0_9 = det*w0[9][0]*(1.0);
  
  // Compute element tensor
  A[0][0] = 0.0003968253968254*G0_0 - 0.000132275132275132*G0_1 - 0.000132275132275132*G0_2 - 0.000132275132275132*G0_3 + 0.000264550264550265*G0_4 + 0.000264550264550265*G0_5 + 0.000264550264550265*G0_6 + 0.00052910052910053*G0_7 + 0.000529100529100529*G0_8 + 0.00052910052910053*G0_9;
  A[0][1] = -0.000132275132275132*G0_0 - 0.000132275132275132*G0_1 - 2.20458553791886e-05*G0_2 - 2.20458553791886e-05*G0_3 + 0.00017636684303351*G0_4 + 0.000132275132275132*G0_5 + 0.000132275132275132*G0_6 + 0.000132275132275132*G0_7 + 0.000132275132275132*G0_8;
  A[0][2] = -0.000132275132275132*G0_0 - 2.20458553791886e-05*G0_1 - 0.000132275132275132*G0_2 - 2.20458553791887e-05*G0_3 + 0.000132275132275132*G0_4 + 0.00017636684303351*G0_5 + 0.000132275132275132*G0_6 + 0.000132275132275132*G0_7 + 0.000132275132275132*G0_9;
  A[0][3] = -0.000132275132275132*G0_0 - 2.20458553791886e-05*G0_1 - 2.20458553791887e-05*G0_2 - 0.000132275132275132*G0_3 + 0.000132275132275132*G0_4 + 0.000132275132275132*G0_5 + 0.00017636684303351*G0_6 + 0.000132275132275132*G0_8 + 0.000132275132275132*G0_9;
  A[0][4] = 0.000264550264550265*G0_0 + 0.00017636684303351*G0_1 + 0.000132275132275132*G0_2 + 0.000132275132275132*G0_3 - 0.000881834215167549*G0_4 - 0.000440917107583775*G0_5 - 0.000440917107583775*G0_6 - 0.000529100529100529*G0_7 - 0.000529100529100529*G0_8 - 0.000264550264550265*G0_9;
  A[0][5] = 0.000264550264550265*G0_0 + 0.000132275132275132*G0_1 + 0.00017636684303351*G0_2 + 0.000132275132275132*G0_3 - 0.000440917107583775*G0_4 - 0.00088183421516755*G0_5 - 0.000440917107583775*G0_6 - 0.00052910052910053*G0_7 - 0.000264550264550265*G0_8 - 0.00052910052910053*G0_9;
  A[0][6] = 0.000264550264550265*G0_0 + 0.000132275132275132*G0_1 + 0.000132275132275132*G0_2 + 0.00017636684303351*G0_3 - 0.000440917107583775*G0_4 - 0.000440917107583775*G0_5 - 0.000881834215167549*G0_6 - 0.000264550264550265*G0_7 - 0.000529100529100529*G0_8 - 0.000529100529100529*G0_9;
  A[0][7] = 0.00052910052910053*G0_0 + 0.000132275132275132*G0_1 + 0.000132275132275132*G0_2 - 0.000529100529100529*G0_4 - 0.00052910052910053*G0_5 - 0.000264550264550265*G0_6 - 0.000529100529100529*G0_7 - 0.000264550264550264*G0_8 - 0.000264550264550265*G0_9;
  A[0][8] = 0.000529100529100529*G0_0 + 0.000132275132275132*G0_1 + 0.000132275132275132*G0_3 - 0.000529100529100529*G0_4 - 0.000264550264550265*G0_5 - 0.000529100529100529*G0_6 - 0.000264550264550264*G0_7 - 0.000529100529100528*G0_8 - 0.000264550264550264*G0_9;
  A[0][9] = 0.00052910052910053*G0_0 + 0.000132275132275132*G0_2 + 0.000132275132275132*G0_3 - 0.000264550264550265*G0_4 - 0.00052910052910053*G0_5 - 0.000529100529100529*G0_6 - 0.000264550264550265*G0_7 - 0.000264550264550264*G0_8 - 0.000529100529100529*G0_9;
  A[1][0] = -0.000132275132275132*G0_0 - 0.000132275132275132*G0_1 - 2.20458553791886e-05*G0_2 - 2.20458553791886e-05*G0_3 + 0.00017636684303351*G0_4 + 0.000132275132275132*G0_5 + 0.000132275132275132*G0_6 + 0.000132275132275132*G0_7 + 0.000132275132275132*G0_8;
  A[1][1] = -0.000132275132275132*G0_0 + 0.0003968253968254*G0_1 - 0.000132275132275132*G0_2 - 0.000132275132275132*G0_3 + 0.000264550264550264*G0_4 + 0.000529100529100529*G0_5 + 0.000529100529100529*G0_6 + 0.000264550264550264*G0_7 + 0.000264550264550264*G0_8 + 0.000529100529100529*G0_9;
  A[1][2] = -2.20458553791886e-05*G0_0 - 0.000132275132275132*G0_1 - 0.000132275132275132*G0_2 - 2.20458553791887e-05*G0_3 + 0.000132275132275132*G0_4 + 0.000132275132275132*G0_5 + 0.00017636684303351*G0_7 + 0.000132275132275132*G0_8 + 0.000132275132275132*G0_9;
  A[1][3] = -2.20458553791886e-05*G0_0 - 0.000132275132275132*G0_1 - 2.20458553791887e-05*G0_2 - 0.000132275132275132*G0_3 + 0.000132275132275132*G0_4 + 0.000132275132275132*G0_6 + 0.000132275132275132*G0_7 + 0.00017636684303351*G0_8 + 0.000132275132275132*G0_9;
  A[1][4] = 0.00017636684303351*G0_0 + 0.000264550264550264*G0_1 + 0.000132275132275132*G0_2 + 0.000132275132275132*G0_3 - 0.000881834215167549*G0_4 - 0.000529100529100529*G0_5 - 0.000529100529100529*G0_6 - 0.000440917107583774*G0_7 - 0.000440917107583774*G0_8 - 0.000264550264550265*G0_9;
  A[1][5] = 0.000132275132275132*G0_0 + 0.000529100529100529*G0_1 + 0.000132275132275132*G0_2 - 0.000529100529100529*G0_4 - 0.000529100529100529*G0_5 - 0.000264550264550265*G0_6 - 0.000529100529100529*G0_7 - 0.000264550264550264*G0_8 - 0.000264550264550264*G0_9;
  A[1][6] = 0.000132275132275132*G0_0 + 0.000529100529100529*G0_1 + 0.000132275132275132*G0_3 - 0.000529100529100529*G0_4 - 0.000264550264550265*G0_5 - 0.000529100529100529*G0_6 - 0.000264550264550265*G0_7 - 0.000529100529100529*G0_8 - 0.000264550264550264*G0_9;
  A[1][7] = 0.000132275132275132*G0_0 + 0.000264550264550264*G0_1 + 0.00017636684303351*G0_2 + 0.000132275132275132*G0_3 - 0.000440917107583774*G0_4 - 0.000529100529100529*G0_5 - 0.000264550264550265*G0_6 - 0.000881834215167548*G0_7 - 0.000440917107583774*G0_8 - 0.000529100529100529*G0_9;
  A[1][8] = 0.000132275132275132*G0_0 + 0.000264550264550264*G0_1 + 0.000132275132275132*G0_2 + 0.00017636684303351*G0_3 - 0.000440917107583774*G0_4 - 0.000264550264550264*G0_5 - 0.000529100529100529*G0_6 - 0.000440917107583774*G0_7 - 0.000881834215167548*G0_8 - 0.000529100529100528*G0_9;
  A[1][9] = 0.000529100529100529*G0_1 + 0.000132275132275132*G0_2 + 0.000132275132275132*G0_3 - 0.000264550264550265*G0_4 - 0.000264550264550264*G0_5 - 0.000264550264550264*G0_6 - 0.000529100529100528*G0_7 - 0.000529100529100528*G0_8 - 0.000529100529100527*G0_9;
  A[2][0] = -0.000132275132275132*G0_0 - 2.20458553791886e-05*G0_1 - 0.000132275132275132*G0_2 - 2.20458553791887e-05*G0_3 + 0.000132275132275132*G0_4 + 0.00017636684303351*G0_5 + 0.000132275132275132*G0_6 + 0.000132275132275132*G0_7 + 0.000132275132275132*G0_9;
  A[2][1] = -2.20458553791886e-05*G0_0 - 0.000132275132275132*G0_1 - 0.000132275132275132*G0_2 - 2.20458553791887e-05*G0_3 + 0.000132275132275132*G0_4 + 0.000132275132275132*G0_5 + 0.00017636684303351*G0_7 + 0.000132275132275132*G0_8 + 0.000132275132275132*G0_9;
  A[2][2] = -0.000132275132275132*G0_0 - 0.000132275132275132*G0_1 + 0.000396825396825399*G0_2 - 0.000132275132275132*G0_3 + 0.000529100529100529*G0_4 + 0.000264550264550265*G0_5 + 0.000529100529100529*G0_6 + 0.000264550264550265*G0_7 + 0.000529100529100529*G0_8 + 0.000264550264550264*G0_9;
  A[2][3] = -2.20458553791887e-05*G0_0 - 2.20458553791887e-05*G0_1 - 0.000132275132275132*G0_2 - 0.000132275132275132*G0_3 + 0.000132275132275132*G0_5 + 0.000132275132275132*G0_6 + 0.000132275132275132*G0_7 + 0.000132275132275132*G0_8 + 0.00017636684303351*G0_9;
  A[2][4] = 0.000132275132275132*G0_0 + 0.000132275132275132*G0_1 + 0.000529100529100529*G0_2 - 0.000529100529100529*G0_4 - 0.000529100529100529*G0_5 - 0.000264550264550265*G0_6 - 0.000529100529100529*G0_7 - 0.000264550264550264*G0_8 - 0.000264550264550265*G0_9;
  A[2][5] = 0.00017636684303351*G0_0 + 0.000132275132275132*G0_1 + 0.000264550264550265*G0_2 + 0.000132275132275132*G0_3 - 0.000529100529100529*G0_4 - 0.000881834215167549*G0_5 - 0.000529100529100529*G0_6 - 0.000440917107583774*G0_7 - 0.000264550264550264*G0_8 - 0.000440917107583774*G0_9;
  A[2][6] = 0.000132275132275132*G0_0 + 0.000529100529100529*G0_2 + 0.000132275132275132*G0_3 - 0.000264550264550265*G0_4 - 0.000529100529100529*G0_5 - 0.000529100529100529*G0_6 - 0.000264550264550265*G0_7 - 0.000264550264550264*G0_8 - 0.000529100529100529*G0_9;
  A[2][7] = 0.000132275132275132*G0_0 + 0.00017636684303351*G0_1 + 0.000264550264550265*G0_2 + 0.000132275132275132*G0_3 - 0.000529100529100529*G0_4 - 0.000440917107583774*G0_5 - 0.000264550264550265*G0_6 - 0.000881834215167548*G0_7 - 0.000529100529100529*G0_8 - 0.000440917107583774*G0_9;
  A[2][8] = 0.000132275132275132*G0_1 + 0.000529100529100529*G0_2 + 0.000132275132275132*G0_3 - 0.000264550264550264*G0_4 - 0.000264550264550264*G0_5 - 0.000264550264550264*G0_6 - 0.000529100529100529*G0_7 - 0.000529100529100528*G0_8 - 0.000529100529100529*G0_9;
  A[2][9] = 0.000132275132275132*G0_0 + 0.000132275132275132*G0_1 + 0.000264550264550264*G0_2 + 0.00017636684303351*G0_3 - 0.000264550264550265*G0_4 - 0.000440917107583774*G0_5 - 0.000529100529100529*G0_6 - 0.000440917107583774*G0_7 - 0.000529100529100529*G0_8 - 0.000881834215167548*G0_9;
  A[3][0] = -0.000132275132275132*G0_0 - 2.20458553791886e-05*G0_1 - 2.20458553791887e-05*G0_2 - 0.000132275132275132*G0_3 + 0.000132275132275132*G0_4 + 0.000132275132275132*G0_5 + 0.00017636684303351*G0_6 + 0.000132275132275132*G0_8 + 0.000132275132275132*G0_9;
  A[3][1] = -2.20458553791886e-05*G0_0 - 0.000132275132275132*G0_1 - 2.20458553791887e-05*G0_2 - 0.000132275132275132*G0_3 + 0.000132275132275132*G0_4 + 0.000132275132275132*G0_6 + 0.000132275132275132*G0_7 + 0.00017636684303351*G0_8 + 0.000132275132275132*G0_9;
  A[3][2] = -2.20458553791887e-05*G0_0 - 2.20458553791887e-05*G0_1 - 0.000132275132275132*G0_2 - 0.000132275132275132*G0_3 + 0.000132275132275132*G0_5 + 0.000132275132275132*G0_6 + 0.000132275132275132*G0_7 + 0.000132275132275132*G0_8 + 0.00017636684303351*G0_9;
  A[3][3] = -0.000132275132275132*G0_0 - 0.000132275132275132*G0_1 - 0.000132275132275132*G0_2 + 0.0003968253968254*G0_3 + 0.00052910052910053*G0_4 + 0.00052910052910053*G0_5 + 0.000264550264550265*G0_6 + 0.00052910052910053*G0_7 + 0.000264550264550265*G0_8 + 0.000264550264550265*G0_9;
  A[3][4] = 0.000132275132275132*G0_0 + 0.000132275132275132*G0_1 + 0.00052910052910053*G0_3 - 0.00052910052910053*G0_4 - 0.000264550264550265*G0_5 - 0.00052910052910053*G0_6 - 0.000264550264550265*G0_7 - 0.000529100529100529*G0_8 - 0.000264550264550265*G0_9;
  A[3][5] = 0.000132275132275132*G0_0 + 0.000132275132275132*G0_2 + 0.00052910052910053*G0_3 - 0.000264550264550265*G0_4 - 0.000529100529100529*G0_5 - 0.000529100529100529*G0_6 - 0.000264550264550265*G0_7 - 0.000264550264550265*G0_8 - 0.000529100529100529*G0_9;
  A[3][6] = 0.00017636684303351*G0_0 + 0.000132275132275132*G0_1 + 0.000132275132275132*G0_2 + 0.000264550264550265*G0_3 - 0.00052910052910053*G0_4 - 0.000529100529100529*G0_5 - 0.000881834215167549*G0_6 - 0.000264550264550265*G0_7 - 0.000440917107583774*G0_8 - 0.000440917107583775*G0_9;
  A[3][7] = 0.000132275132275132*G0_1 + 0.000132275132275132*G0_2 + 0.00052910052910053*G0_3 - 0.000264550264550265*G0_4 - 0.000264550264550265*G0_5 - 0.000264550264550265*G0_6 - 0.000529100529100529*G0_7 - 0.000529100529100529*G0_8 - 0.000529100529100529*G0_9;
  A[3][8] = 0.000132275132275132*G0_0 + 0.00017636684303351*G0_1 + 0.000132275132275132*G0_2 + 0.000264550264550265*G0_3 - 0.000529100529100529*G0_4 - 0.000264550264550265*G0_5 - 0.000440917107583774*G0_6 - 0.000529100529100529*G0_7 - 0.000881834215167549*G0_8 - 0.000440917107583774*G0_9;
  A[3][9] = 0.000132275132275132*G0_0 + 0.000132275132275132*G0_1 + 0.00017636684303351*G0_2 + 0.000264550264550265*G0_3 - 0.000264550264550265*G0_4 - 0.000529100529100529*G0_5 - 0.000440917107583775*G0_6 - 0.000529100529100529*G0_7 - 0.000440917107583774*G0_8 - 0.000881834215167549*G0_9;
  A[4][0] = 0.000264550264550265*G0_0 + 0.00017636684303351*G0_1 + 0.000132275132275132*G0_2 + 0.000132275132275132*G0_3 - 0.000881834215167549*G0_4 - 0.000440917107583775*G0_5 - 0.000440917107583775*G0_6 - 0.000529100529100529*G0_7 - 0.000529100529100529*G0_8 - 0.000264550264550265*G0_9;
  A[4][1] = 0.00017636684303351*G0_0 + 0.000264550264550264*G0_1 + 0.000132275132275132*G0_2 + 0.000132275132275132*G0_3 - 0.000881834215167549*G0_4 - 0.000529100529100529*G0_5 - 0.000529100529100529*G0_6 - 0.000440917107583774*G0_7 - 0.000440917107583774*G0_8 - 0.000264550264550265*G0_9;
  A[4][2] = 0.000132275132275132*G0_0 + 0.000132275132275132*G0_1 + 0.000529100529100529*G0_2 - 0.000529100529100529*G0_4 - 0.000529100529100529*G0_5 - 0.000264550264550265*G0_6 - 0.000529100529100529*G0_7 - 0.000264550264550264*G0_8 - 0.000264550264550265*G0_9;
  A[4][3] = 0.000132275132275132*G0_0 + 0.000132275132275132*G0_1 + 0.00052910052910053*G0_3 - 0.00052910052910053*G0_4 - 0.000264550264550265*G0_5 - 0.00052910052910053*G0_6 - 0.000264550264550265*G0_7 - 0.000529100529100529*G0_8 - 0.000264550264550265*G0_9;
  A[4][4] = -0.000881834215167549*G0_0 - 0.000881834215167549*G0_1 - 0.000529100529100529*G0_2 - 0.00052910052910053*G0_3 + 0.00634920634920635*G0_4 + 0.00211640211640212*G0_5 + 0.00211640211640212*G0_6 + 0.00211640211640212*G0_7 + 0.00211640211640212*G0_8 + 0.000705467372134039*G0_9;
  A[4][5] = -0.000440917107583775*G0_0 - 0.000529100529100529*G0_1 - 0.000529100529100529*G0_2 - 0.000264550264550265*G0_3 + 0.00211640211640212*G0_4 + 0.00211640211640212*G0_5 + 0.00141093474426808*G0_6 + 0.00105820105820106*G0_7 + 0.000705467372134039*G0_8 + 0.000705467372134039*G0_9;
  A[4][6] = -0.000440917107583775*G0_0 - 0.000529100529100529*G0_1 - 0.000264550264550265*G0_2 - 0.00052910052910053*G0_3 + 0.00211640211640212*G0_4 + 0.00141093474426808*G0_5 + 0.00211640211640212*G0_6 + 0.00070546737213404*G0_7 + 0.00105820105820106*G0_8 + 0.000705467372134039*G0_9;
  A[4][7] = -0.000529100529100529*G0_0 - 0.000440917107583774*G0_1 - 0.000529100529100529*G0_2 - 0.000264550264550265*G0_3 + 0.00211640211640212*G0_4 + 0.00105820105820106*G0_5 + 0.00070546737213404*G0_6 + 0.00211640211640212*G0_7 + 0.00141093474426808*G0_8 + 0.000705467372134039*G0_9;
  A[4][8] = -0.000529100529100529*G0_0 - 0.000440917107583774*G0_1 - 0.000264550264550264*G0_2 - 0.000529100529100529*G0_3 + 0.00211640211640212*G0_4 + 0.000705467372134039*G0_5 + 0.00105820105820106*G0_6 + 0.00141093474426808*G0_7 + 0.00211640211640212*G0_8 + 0.000705467372134039*G0_9;
  A[4][9] = -0.000264550264550265*G0_0 - 0.000264550264550265*G0_1 - 0.000264550264550265*G0_2 - 0.000264550264550265*G0_3 + 0.000705467372134039*G0_4 + 0.000705467372134039*G0_5 + 0.000705467372134039*G0_6 + 0.000705467372134039*G0_7 + 0.000705467372134039*G0_8 + 0.000705467372134039*G0_9;
  A[5][0] = 0.000264550264550265*G0_0 + 0.000132275132275132*G0_1 + 0.00017636684303351*G0_2 + 0.000132275132275132*G0_3 - 0.000440917107583775*G0_4 - 0.000881834215167549*G0_5 - 0.000440917107583775*G0_6 - 0.00052910052910053*G0_7 - 0.000264550264550265*G0_8 - 0.00052910052910053*G0_9;
  A[5][1] = 0.000132275132275132*G0_0 + 0.000529100529100529*G0_1 + 0.000132275132275132*G0_2 - 0.000529100529100529*G0_4 - 0.000529100529100529*G0_5 - 0.000264550264550265*G0_6 - 0.000529100529100529*G0_7 - 0.000264550264550264*G0_8 - 0.000264550264550264*G0_9;
  A[5][2] = 0.00017636684303351*G0_0 + 0.000132275132275132*G0_1 + 0.000264550264550265*G0_2 + 0.000132275132275132*G0_3 - 0.000529100529100529*G0_4 - 0.000881834215167549*G0_5 - 0.000529100529100529*G0_6 - 0.000440917107583774*G0_7 - 0.000264550264550264*G0_8 - 0.000440917107583774*G0_9;
  A[5][3] = 0.000132275132275132*G0_0 + 0.000132275132275132*G0_2 + 0.00052910052910053*G0_3 - 0.000264550264550265*G0_4 - 0.000529100529100529*G0_5 - 0.000529100529100529*G0_6 - 0.000264550264550265*G0_7 - 0.000264550264550265*G0_8 - 0.000529100529100529*G0_9;
  A[5][4] = -0.000440917107583775*G0_0 - 0.000529100529100529*G0_1 - 0.000529100529100529*G0_2 - 0.000264550264550265*G0_3 + 0.00211640211640212*G0_4 + 0.00211640211640212*G0_5 + 0.00141093474426808*G0_6 + 0.00105820105820106*G0_7 + 0.000705467372134039*G0_8 + 0.000705467372134039*G0_9;
  A[5][5] = -0.00088183421516755*G0_0 - 0.000529100529100529*G0_1 - 0.000881834215167549*G0_2 - 0.000529100529100529*G0_3 + 0.00211640211640212*G0_4 + 0.00634920634920635*G0_5 + 0.00211640211640212*G0_6 + 0.00211640211640212*G0_7 + 0.000705467372134038*G0_8 + 0.00211640211640212*G0_9;
  A[5][6] = -0.000440917107583775*G0_0 - 0.000264550264550265*G0_1 - 0.000529100529100529*G0_2 - 0.000529100529100529*G0_3 + 0.00141093474426808*G0_4 + 0.00211640211640212*G0_5 + 0.00211640211640212*G0_6 + 0.000705467372134039*G0_7 + 0.000705467372134039*G0_8 + 0.00105820105820106*G0_9;
  A[5][7] = -0.00052910052910053*G0_0 - 0.000529100529100529*G0_1 - 0.000440917107583774*G0_2 - 0.000264550264550265*G0_3 + 0.00105820105820106*G0_4 + 0.00211640211640212*G0_5 + 0.000705467372134039*G0_6 + 0.00211640211640212*G0_7 + 0.000705467372134039*G0_8 + 0.00141093474426808*G0_9;
  A[5][8] = -0.000264550264550265*G0_0 - 0.000264550264550264*G0_1 - 0.000264550264550264*G0_2 - 0.000264550264550265*G0_3 + 0.000705467372134039*G0_4 + 0.000705467372134038*G0_5 + 0.000705467372134039*G0_6 + 0.000705467372134039*G0_7 + 0.000705467372134039*G0_8 + 0.000705467372134039*G0_9;
  A[5][9] = -0.00052910052910053*G0_0 - 0.000264550264550264*G0_1 - 0.000440917107583774*G0_2 - 0.000529100529100529*G0_3 + 0.000705467372134039*G0_4 + 0.00211640211640212*G0_5 + 0.00105820105820106*G0_6 + 0.00141093474426808*G0_7 + 0.000705467372134039*G0_8 + 0.00211640211640212*G0_9;
  A[6][0] = 0.000264550264550265*G0_0 + 0.000132275132275132*G0_1 + 0.000132275132275132*G0_2 + 0.00017636684303351*G0_3 - 0.000440917107583775*G0_4 - 0.000440917107583775*G0_5 - 0.000881834215167549*G0_6 - 0.000264550264550265*G0_7 - 0.000529100529100529*G0_8 - 0.000529100529100529*G0_9;
  A[6][1] = 0.000132275132275132*G0_0 + 0.000529100529100529*G0_1 + 0.000132275132275132*G0_3 - 0.000529100529100529*G0_4 - 0.000264550264550265*G0_5 - 0.000529100529100529*G0_6 - 0.000264550264550265*G0_7 - 0.000529100529100529*G0_8 - 0.000264550264550264*G0_9;
  A[6][2] = 0.000132275132275132*G0_0 + 0.000529100529100529*G0_2 + 0.000132275132275132*G0_3 - 0.000264550264550265*G0_4 - 0.000529100529100529*G0_5 - 0.000529100529100529*G0_6 - 0.000264550264550265*G0_7 - 0.000264550264550264*G0_8 - 0.000529100529100529*G0_9;
  A[6][3] = 0.00017636684303351*G0_0 + 0.000132275132275132*G0_1 + 0.000132275132275132*G0_2 + 0.000264550264550265*G0_3 - 0.00052910052910053*G0_4 - 0.000529100529100529*G0_5 - 0.000881834215167549*G0_6 - 0.000264550264550265*G0_7 - 0.000440917107583774*G0_8 - 0.000440917107583775*G0_9;
  A[6][4] = -0.000440917107583775*G0_0 - 0.000529100529100529*G0_1 - 0.000264550264550265*G0_2 - 0.00052910052910053*G0_3 + 0.00211640211640212*G0_4 + 0.00141093474426808*G0_5 + 0.00211640211640212*G0_6 + 0.00070546737213404*G0_7 + 0.00105820105820106*G0_8 + 0.000705467372134039*G0_9;
  A[6][5] = -0.000440917107583775*G0_0 - 0.000264550264550265*G0_1 - 0.000529100529100529*G0_2 - 0.000529100529100529*G0_3 + 0.00141093474426808*G0_4 + 0.00211640211640212*G0_5 + 0.00211640211640212*G0_6 + 0.000705467372134039*G0_7 + 0.000705467372134039*G0_8 + 0.00105820105820106*G0_9;
  A[6][6] = -0.000881834215167549*G0_0 - 0.000529100529100529*G0_1 - 0.000529100529100529*G0_2 - 0.000881834215167549*G0_3 + 0.00211640211640212*G0_4 + 0.00211640211640212*G0_5 + 0.00634920634920635*G0_6 + 0.00070546737213404*G0_7 + 0.00211640211640212*G0_8 + 0.00211640211640212*G0_9;
  A[6][7] = -0.000264550264550265*G0_0 - 0.000264550264550265*G0_1 - 0.000264550264550265*G0_2 - 0.000264550264550265*G0_3 + 0.00070546737213404*G0_4 + 0.000705467372134039*G0_5 + 0.00070546737213404*G0_6 + 0.00070546737213404*G0_7 + 0.000705467372134039*G0_8 + 0.00070546737213404*G0_9;
  A[6][8] = -0.000529100529100529*G0_0 - 0.000529100529100529*G0_1 - 0.000264550264550264*G0_2 - 0.000440917107583774*G0_3 + 0.00105820105820106*G0_4 + 0.000705467372134039*G0_5 + 0.00211640211640212*G0_6 + 0.00070546737213404*G0_7 + 0.00211640211640212*G0_8 + 0.00141093474426808*G0_9;
  A[6][9] = -0.000529100529100529*G0_0 - 0.000264550264550264*G0_1 - 0.000529100529100529*G0_2 - 0.000440917107583775*G0_3 + 0.000705467372134039*G0_4 + 0.00105820105820106*G0_5 + 0.00211640211640212*G0_6 + 0.00070546737213404*G0_7 + 0.00141093474426808*G0_8 + 0.00211640211640212*G0_9;
  A[7][0] = 0.00052910052910053*G0_0 + 0.000132275132275132*G0_1 + 0.000132275132275132*G0_2 - 0.000529100529100529*G0_4 - 0.00052910052910053*G0_5 - 0.000264550264550265*G0_6 - 0.000529100529100529*G0_7 - 0.000264550264550264*G0_8 - 0.000264550264550265*G0_9;
  A[7][1] = 0.000132275132275132*G0_0 + 0.000264550264550264*G0_1 + 0.00017636684303351*G0_2 + 0.000132275132275132*G0_3 - 0.000440917107583774*G0_4 - 0.000529100529100529*G0_5 - 0.000264550264550265*G0_6 - 0.000881834215167548*G0_7 - 0.000440917107583774*G0_8 - 0.000529100529100529*G0_9;
  A[7][2] = 0.000132275132275132*G0_0 + 0.00017636684303351*G0_1 + 0.000264550264550265*G0_2 + 0.000132275132275132*G0_3 - 0.000529100529100529*G0_4 - 0.000440917107583774*G0_5 - 0.000264550264550265*G0_6 - 0.000881834215167548*G0_7 - 0.000529100529100529*G0_8 - 0.000440917107583774*G0_9;
  A[7][3] = 0.000132275132275132*G0_1 + 0.000132275132275132*G0_2 + 0.00052910052910053*G0_3 - 0.000264550264550265*G0_4 - 0.000264550264550265*G0_5 - 0.000264550264550265*G0_6 - 0.000529100529100529*G0_7 - 0.000529100529100529*G0_8 - 0.000529100529100529*G0_9;
  A[7][4] = -0.000529100529100529*G0_0 - 0.000440917107583774*G0_1 - 0.000529100529100529*G0_2 - 0.000264550264550265*G0_3 + 0.00211640211640212*G0_4 + 0.00105820105820106*G0_5 + 0.00070546737213404*G0_6 + 0.00211640211640212*G0_7 + 0.00141093474426808*G0_8 + 0.000705467372134039*G0_9;
  A[7][5] = -0.00052910052910053*G0_0 - 0.000529100529100529*G0_1 - 0.000440917107583774*G0_2 - 0.000264550264550265*G0_3 + 0.00105820105820106*G0_4 + 0.00211640211640212*G0_5 + 0.000705467372134039*G0_6 + 0.00211640211640212*G0_7 + 0.000705467372134039*G0_8 + 0.00141093474426808*G0_9;
  A[7][6] = -0.000264550264550265*G0_0 - 0.000264550264550265*G0_1 - 0.000264550264550265*G0_2 - 0.000264550264550265*G0_3 + 0.00070546737213404*G0_4 + 0.000705467372134039*G0_5 + 0.00070546737213404*G0_6 + 0.00070546737213404*G0_7 + 0.000705467372134039*G0_8 + 0.00070546737213404*G0_9;
  A[7][7] = -0.000529100529100529*G0_0 - 0.000881834215167548*G0_1 - 0.000881834215167548*G0_2 - 0.000529100529100529*G0_3 + 0.00211640211640212*G0_4 + 0.00211640211640212*G0_5 + 0.00070546737213404*G0_6 + 0.00634920634920635*G0_7 + 0.00211640211640212*G0_8 + 0.00211640211640212*G0_9;
  A[7][8] = -0.000264550264550264*G0_0 - 0.000440917107583774*G0_1 - 0.000529100529100529*G0_2 - 0.000529100529100529*G0_3 + 0.00141093474426808*G0_4 + 0.000705467372134039*G0_5 + 0.00070546737213404*G0_6 + 0.00211640211640212*G0_7 + 0.00211640211640212*G0_8 + 0.00105820105820106*G0_9;
  A[7][9] = -0.000264550264550265*G0_0 - 0.000529100529100528*G0_1 - 0.000440917107583774*G0_2 - 0.000529100529100529*G0_3 + 0.000705467372134039*G0_4 + 0.00141093474426808*G0_5 + 0.00070546737213404*G0_6 + 0.00211640211640212*G0_7 + 0.00105820105820106*G0_8 + 0.00211640211640212*G0_9;
  A[8][0] = 0.000529100529100529*G0_0 + 0.000132275132275132*G0_1 + 0.000132275132275132*G0_3 - 0.000529100529100529*G0_4 - 0.000264550264550265*G0_5 - 0.000529100529100529*G0_6 - 0.000264550264550264*G0_7 - 0.000529100529100528*G0_8 - 0.000264550264550264*G0_9;
  A[8][1] = 0.000132275132275132*G0_0 + 0.000264550264550264*G0_1 + 0.000132275132275132*G0_2 + 0.00017636684303351*G0_3 - 0.000440917107583774*G0_4 - 0.000264550264550264*G0_5 - 0.000529100529100529*G0_6 - 0.000440917107583774*G0_7 - 0.000881834215167548*G0_8 - 0.000529100529100528*G0_9;
  A[8][2] = 0.000132275132275132*G0_1 + 0.000529100529100529*G0_2 + 0.000132275132275132*G0_3 - 0.000264550264550264*G0_4 - 0.000264550264550264*G0_5 - 0.000264550264550264*G0_6 - 0.000529100529100529*G0_7 - 0.000529100529100528*G0_8 - 0.000529100529100529*G0_9;
  A[8][3] = 0.000132275132275132*G0_0 + 0.00017636684303351*G0_1 + 0.000132275132275132*G0_2 + 0.000264550264550265*G0_3 - 0.000529100529100529*G0_4 - 0.000264550264550265*G0_5 - 0.000440917107583774*G0_6 - 0.000529100529100529*G0_7 - 0.000881834215167549*G0_8 - 0.000440917107583774*G0_9;
  A[8][4] = -0.000529100529100529*G0_0 - 0.000440917107583774*G0_1 - 0.000264550264550264*G0_2 - 0.000529100529100529*G0_3 + 0.00211640211640212*G0_4 + 0.000705467372134039*G0_5 + 0.00105820105820106*G0_6 + 0.00141093474426808*G0_7 + 0.00211640211640212*G0_8 + 0.000705467372134039*G0_9;
  A[8][5] = -0.000264550264550265*G0_0 - 0.000264550264550264*G0_1 - 0.000264550264550264*G0_2 - 0.000264550264550265*G0_3 + 0.000705467372134039*G0_4 + 0.000705467372134038*G0_5 + 0.000705467372134039*G0_6 + 0.000705467372134039*G0_7 + 0.000705467372134039*G0_8 + 0.000705467372134039*G0_9;
  A[8][6] = -0.000529100529100529*G0_0 - 0.000529100529100529*G0_1 - 0.000264550264550264*G0_2 - 0.000440917107583774*G0_3 + 0.00105820105820106*G0_4 + 0.000705467372134039*G0_5 + 0.00211640211640212*G0_6 + 0.00070546737213404*G0_7 + 0.00211640211640212*G0_8 + 0.00141093474426808*G0_9;
  A[8][7] = -0.000264550264550264*G0_0 - 0.000440917107583774*G0_1 - 0.000529100529100529*G0_2 - 0.000529100529100529*G0_3 + 0.00141093474426808*G0_4 + 0.000705467372134039*G0_5 + 0.00070546737213404*G0_6 + 0.00211640211640212*G0_7 + 0.00211640211640212*G0_8 + 0.00105820105820106*G0_9;
  A[8][8] = -0.000529100529100528*G0_0 - 0.000881834215167548*G0_1 - 0.000529100529100528*G0_2 - 0.000881834215167549*G0_3 + 0.00211640211640212*G0_4 + 0.000705467372134039*G0_5 + 0.00211640211640212*G0_6 + 0.00211640211640212*G0_7 + 0.00634920634920635*G0_8 + 0.00211640211640211*G0_9;
  A[8][9] = -0.000264550264550264*G0_0 - 0.000529100529100528*G0_1 - 0.000529100529100529*G0_2 - 0.000440917107583774*G0_3 + 0.000705467372134039*G0_4 + 0.000705467372134039*G0_5 + 0.00141093474426808*G0_6 + 0.00105820105820106*G0_7 + 0.00211640211640211*G0_8 + 0.00211640211640212*G0_9;
  A[9][0] = 0.00052910052910053*G0_0 + 0.000132275132275132*G0_2 + 0.000132275132275132*G0_3 - 0.000264550264550265*G0_4 - 0.00052910052910053*G0_5 - 0.000529100529100529*G0_6 - 0.000264550264550265*G0_7 - 0.000264550264550264*G0_8 - 0.000529100529100529*G0_9;
  A[9][1] = 0.000529100529100529*G0_1 + 0.000132275132275132*G0_2 + 0.000132275132275132*G0_3 - 0.000264550264550265*G0_4 - 0.000264550264550264*G0_5 - 0.000264550264550264*G0_6 - 0.000529100529100529*G0_7 - 0.000529100529100528*G0_8 - 0.000529100529100527*G0_9;
  A[9][2] = 0.000132275132275132*G0_0 + 0.000132275132275132*G0_1 + 0.000264550264550264*G0_2 + 0.00017636684303351*G0_3 - 0.000264550264550265*G0_4 - 0.000440917107583774*G0_5 - 0.000529100529100529*G0_6 - 0.000440917107583774*G0_7 - 0.000529100529100529*G0_8 - 0.000881834215167548*G0_9;
  A[9][3] = 0.000132275132275132*G0_0 + 0.000132275132275132*G0_1 + 0.00017636684303351*G0_2 + 0.000264550264550265*G0_3 - 0.000264550264550265*G0_4 - 0.000529100529100529*G0_5 - 0.000440917107583775*G0_6 - 0.000529100529100529*G0_7 - 0.000440917107583774*G0_8 - 0.000881834215167549*G0_9;
  A[9][4] = -0.000264550264550265*G0_0 - 0.000264550264550265*G0_1 - 0.000264550264550265*G0_2 - 0.000264550264550265*G0_3 + 0.000705467372134039*G0_4 + 0.000705467372134039*G0_5 + 0.000705467372134039*G0_6 + 0.000705467372134039*G0_7 + 0.000705467372134039*G0_8 + 0.000705467372134039*G0_9;
  A[9][5] = -0.00052910052910053*G0_0 - 0.000264550264550264*G0_1 - 0.000440917107583774*G0_2 - 0.000529100529100529*G0_3 + 0.000705467372134039*G0_4 + 0.00211640211640212*G0_5 + 0.00105820105820106*G0_6 + 0.00141093474426808*G0_7 + 0.000705467372134039*G0_8 + 0.00211640211640212*G0_9;
  A[9][6] = -0.000529100529100529*G0_0 - 0.000264550264550264*G0_1 - 0.000529100529100529*G0_2 - 0.000440917107583775*G0_3 + 0.000705467372134039*G0_4 + 0.00105820105820106*G0_5 + 0.00211640211640212*G0_6 + 0.00070546737213404*G0_7 + 0.00141093474426808*G0_8 + 0.00211640211640212*G0_9;
  A[9][7] = -0.000264550264550265*G0_0 - 0.000529100529100529*G0_1 - 0.000440917107583774*G0_2 - 0.000529100529100529*G0_3 + 0.000705467372134039*G0_4 + 0.00141093474426808*G0_5 + 0.00070546737213404*G0_6 + 0.00211640211640212*G0_7 + 0.00105820105820106*G0_8 + 0.00211640211640212*G0_9;
  A[9][8] = -0.000264550264550264*G0_0 - 0.000529100529100528*G0_1 - 0.000529100529100529*G0_2 - 0.000440917107583774*G0_3 + 0.000705467372134039*G0_4 + 0.000705467372134039*G0_5 + 0.00141093474426808*G0_6 + 0.00105820105820106*G0_7 + 0.00211640211640211*G0_8 + 0.00211640211640212*G0_9;
  A[9][9] = -0.000529100529100529*G0_0 - 0.000529100529100527*G0_1 - 0.000881834215167548*G0_2 - 0.000881834215167549*G0_3 + 0.000705467372134039*G0_4 + 0.00211640211640212*G0_5 + 0.00211640211640212*G0_6 + 0.00211640211640212*G0_7 + 0.00211640211640212*G0_8 + 0.00634920634920635*G0_9;
}

            

        
        void wrap_form_cell_integral_0_otherwise(int start, int end,
                      Mat arg0_0_, int *arg0_0_map0_0, int *arg0_0_map1_0, double *arg1_0, int *arg1_0_map0_0, double *arg2_0, int *arg2_0_map0_0
                      ) {
  Mat arg0_0_0 = arg0_0_;
  double *arg1_0_vec[12];
    double *arg2_0_vec[10];
  for ( int n = start; n < end; n++ ) {
    int i = n;
    arg1_0_vec[0] = arg1_0 + (arg1_0_map0_0[i * 4 + 0])* 3;
    arg1_0_vec[1] = arg1_0 + (arg1_0_map0_0[i * 4 + 1])* 3;
    arg1_0_vec[2] = arg1_0 + (arg1_0_map0_0[i * 4 + 2])* 3;
    arg1_0_vec[3] = arg1_0 + (arg1_0_map0_0[i * 4 + 3])* 3;
    arg1_0_vec[4] = arg1_0 + (arg1_0_map0_0[i * 4 + 0])* 3 + 1;
    arg1_0_vec[5] = arg1_0 + (arg1_0_map0_0[i * 4 + 1])* 3 + 1;
    arg1_0_vec[6] = arg1_0 + (arg1_0_map0_0[i * 4 + 2])* 3 + 1;
    arg1_0_vec[7] = arg1_0 + (arg1_0_map0_0[i * 4 + 3])* 3 + 1;
    arg1_0_vec[8] = arg1_0 + (arg1_0_map0_0[i * 4 + 0])* 3 + 2;
    arg1_0_vec[9] = arg1_0 + (arg1_0_map0_0[i * 4 + 1])* 3 + 2;
    arg1_0_vec[10] = arg1_0 + (arg1_0_map0_0[i * 4 + 2])* 3 + 2;
    arg1_0_vec[11] = arg1_0 + (arg1_0_map0_0[i * 4 + 3])* 3 + 2;
    arg2_0_vec[0] = arg2_0 + (arg2_0_map0_0[i * 10 + 0])* 1;
    arg2_0_vec[1] = arg2_0 + (arg2_0_map0_0[i * 10 + 1])* 1;
    arg2_0_vec[2] = arg2_0 + (arg2_0_map0_0[i * 10 + 2])* 1;
    arg2_0_vec[3] = arg2_0 + (arg2_0_map0_0[i * 10 + 3])* 1;
    arg2_0_vec[4] = arg2_0 + (arg2_0_map0_0[i * 10 + 4])* 1;
    arg2_0_vec[5] = arg2_0 + (arg2_0_map0_0[i * 10 + 5])* 1;
    arg2_0_vec[6] = arg2_0 + (arg2_0_map0_0[i * 10 + 6])* 1;
    arg2_0_vec[7] = arg2_0 + (arg2_0_map0_0[i * 10 + 7])* 1;
    arg2_0_vec[8] = arg2_0 + (arg2_0_map0_0[i * 10 + 8])* 1;
    arg2_0_vec[9] = arg2_0 + (arg2_0_map0_0[i * 10 + 9])* 1;
    double buffer_arg0_0[10][10]  = {{0.0}};
    form_cell_integral_0_otherwise(buffer_arg0_0, arg1_0_vec, arg2_0_vec);
    MatSetValuesLocal(arg0_0_0, 10, arg0_0_map0_0 + i * 10,
                                             10, arg0_0_map1_0 + i * 10,
                                             (const PetscScalar *)buffer_arg0_0,
                                             ADD_VALUES);;
  }
}
        
        