
        #include <petsc.h>
        #include <stdbool.h>
        #include <math.h>
        
        


        
            #include <immintrin.h>

            
            // This code is generated visiting a COFFEE AST

#include "firedrake_geometry.h"


static inline void form_cell_integral_0_otherwise (double A[10][10] , double** coordinate_dofs , double** w0 )
{
  // This code is generated visiting a COFFEE AST
  
  // Preevaluated tables
  static const double IP_J_K_1_3_9[10][10]  = {{-0.000132275132275, -2.20458553792e-05, -0.000132275132275, -2.20458553792e-05, 0.000132275132275, 0.000176366843034, 0.000132275132275, 0.000132275132275, -0.0, 0.000132275132275}, 
  {-2.20458553792e-05, -0.000132275132275, -0.000132275132275, -2.20458553792e-05, 0.000132275132275, 0.000132275132275, -0.0, 0.000176366843034, 0.000132275132275, 0.000132275132275}, 
  {-0.000132275132275, -0.000132275132275, 0.000396825396825, -0.000132275132275, 0.000529100529101, 0.00026455026455, 0.000529100529101, 0.00026455026455, 0.000529100529101, 0.00026455026455}, 
  {-2.20458553792e-05, -2.20458553792e-05, -0.000132275132275, -0.000132275132275, 0.0, 0.000132275132275, 0.000132275132275, 0.000132275132275, 0.000132275132275, 0.000176366843034}, 
  {0.000132275132275, 0.000132275132275, 0.000529100529101, 0.0, -0.000529100529101, -0.000529100529101, -0.00026455026455, -0.000529100529101, -0.00026455026455, -0.00026455026455}, 
  {0.000176366843034, 0.000132275132275, 0.00026455026455, 0.000132275132275, -0.000529100529101, -0.000881834215168, -0.000529100529101, -0.000440917107584, -0.00026455026455, -0.000440917107584}, 
  {0.000132275132275, -0.0, 0.000529100529101, 0.000132275132275, -0.00026455026455, -0.000529100529101, -0.000529100529101, -0.00026455026455, -0.00026455026455, -0.000529100529101}, 
  {0.000132275132275, 0.000176366843034, 0.00026455026455, 0.000132275132275, -0.000529100529101, -0.000440917107584, -0.00026455026455, -0.000881834215168, -0.000529100529101, -0.000440917107584}, 
  {-0.0, 0.000132275132275, 0.000529100529101, 0.000132275132275, -0.00026455026455, -0.00026455026455, -0.00026455026455, -0.000529100529101, -0.000529100529101, -0.000529100529101}, 
  {0.000132275132275, 0.000132275132275, 0.00026455026455, 0.000176366843034, -0.00026455026455, -0.000440917107584, -0.000529100529101, -0.000440917107584, -0.000529100529101, -0.000881834215168}};
  static const double IP_J_K_1_3_8[10][10]  = {{0.000396825396825, -0.000132275132275, -0.000132275132275, -0.000132275132275, 0.00026455026455, 0.00026455026455, 0.00026455026455, 0.000529100529101, 0.000529100529101, 0.000529100529101}, 
  {-0.000132275132275, -0.000132275132275, -2.20458553792e-05, -2.20458553792e-05, 0.000176366843034, 0.000132275132275, 0.000132275132275, 0.000132275132275, 0.000132275132275, -0.0}, 
  {-0.000132275132275, -2.20458553792e-05, -0.000132275132275, -2.20458553792e-05, 0.000132275132275, 0.000176366843034, 0.000132275132275, 0.000132275132275, -0.0, 0.000132275132275}, 
  {-0.000132275132275, -2.20458553792e-05, -2.20458553792e-05, -0.000132275132275, 0.000132275132275, 0.000132275132275, 0.000176366843034, -0.0, 0.000132275132275, 0.000132275132275}, 
  {0.00026455026455, 0.000176366843034, 0.000132275132275, 0.000132275132275, -0.000881834215168, -0.000440917107584, -0.000440917107584, -0.000529100529101, -0.000529100529101, -0.00026455026455}, 
  {0.00026455026455, 0.000132275132275, 0.000176366843034, 0.000132275132275, -0.000440917107584, -0.000881834215168, -0.000440917107584, -0.000529100529101, -0.00026455026455, -0.000529100529101}, 
  {0.00026455026455, 0.000132275132275, 0.000132275132275, 0.000176366843034, -0.000440917107584, -0.000440917107584, -0.000881834215168, -0.00026455026455, -0.000529100529101, -0.000529100529101}, 
  {0.000529100529101, 0.000132275132275, 0.000132275132275, -0.0, -0.000529100529101, -0.000529100529101, -0.00026455026455, -0.000529100529101, -0.00026455026455, -0.00026455026455}, 
  {0.000529100529101, 0.000132275132275, -0.0, 0.000132275132275, -0.000529100529101, -0.00026455026455, -0.000529100529101, -0.00026455026455, -0.000529100529101, -0.00026455026455}, 
  {0.000529100529101, -0.0, 0.000132275132275, 0.000132275132275, -0.00026455026455, -0.000529100529101, -0.000529100529101, -0.00026455026455, -0.00026455026455, -0.000529100529101}};
  static const double IP_J_K_1_3_7[10][10]  = {{0.00026455026455, 0.000176366843034, 0.000132275132275, 0.000132275132275, -0.000881834215168, -0.000440917107584, -0.000440917107584, -0.000529100529101, -0.000529100529101, -0.00026455026455}, 
  {0.000176366843034, 0.00026455026455, 0.000132275132275, 0.000132275132275, -0.000881834215168, -0.000529100529101, -0.000529100529101, -0.000440917107584, -0.000440917107584, -0.00026455026455}, 
  {0.000132275132275, 0.000132275132275, 0.000529100529101, -0.0, -0.000529100529101, -0.000529100529101, -0.00026455026455, -0.000529100529101, -0.00026455026455, -0.00026455026455}, 
  {0.000132275132275, 0.000132275132275, -0.0, 0.000529100529101, -0.000529100529101, -0.00026455026455, -0.000529100529101, -0.00026455026455, -0.000529100529101, -0.00026455026455}, 
  {-0.000881834215168, -0.000881834215168, -0.000529100529101, -0.000529100529101, 0.00634920634921, 0.0021164021164, 0.0021164021164, 0.0021164021164, 0.0021164021164, 0.000705467372134}, 
  {-0.000440917107584, -0.000529100529101, -0.000529100529101, -0.00026455026455, 0.0021164021164, 0.0021164021164, 0.00141093474427, 0.0010582010582, 0.000705467372134, 0.000705467372134}, 
  {-0.000440917107584, -0.000529100529101, -0.00026455026455, -0.000529100529101, 0.0021164021164, 0.00141093474427, 0.0021164021164, 0.000705467372134, 0.0010582010582, 0.000705467372134}, 
  {-0.000529100529101, -0.000440917107584, -0.000529100529101, -0.00026455026455, 0.0021164021164, 0.0010582010582, 0.000705467372134, 0.0021164021164, 0.00141093474427, 0.000705467372134}, 
  {-0.000529100529101, -0.000440917107584, -0.00026455026455, -0.000529100529101, 0.0021164021164, 0.000705467372134, 0.0010582010582, 0.00141093474427, 0.0021164021164, 0.000705467372134}, 
  {-0.00026455026455, -0.00026455026455, -0.00026455026455, -0.00026455026455, 0.000705467372134, 0.000705467372134, 0.000705467372134, 0.000705467372134, 0.000705467372134, 0.000705467372134}};
  static const double IP_J_K_1_3_6[10][10]  = {{0.000529100529101, 0.000132275132275, 0.000132275132275, -0.0, -0.000529100529101, -0.000529100529101, -0.00026455026455, -0.000529100529101, -0.00026455026455, -0.00026455026455}, 
  {0.000132275132275, 0.00026455026455, 0.000176366843034, 0.000132275132275, -0.000440917107584, -0.000529100529101, -0.00026455026455, -0.000881834215168, -0.000440917107584, -0.000529100529101}, 
  {0.000132275132275, 0.000176366843034, 0.00026455026455, 0.000132275132275, -0.000529100529101, -0.000440917107584, -0.00026455026455, -0.000881834215168, -0.000529100529101, -0.000440917107584}, 
  {-0.0, 0.000132275132275, 0.000132275132275, 0.000529100529101, -0.00026455026455, -0.00026455026455, -0.00026455026455, -0.000529100529101, -0.000529100529101, -0.000529100529101}, 
  {-0.000529100529101, -0.000440917107584, -0.000529100529101, -0.00026455026455, 0.0021164021164, 0.0010582010582, 0.000705467372134, 0.0021164021164, 0.00141093474427, 0.000705467372134}, 
  {-0.000529100529101, -0.000529100529101, -0.000440917107584, -0.00026455026455, 0.0010582010582, 0.0021164021164, 0.000705467372134, 0.0021164021164, 0.000705467372134, 0.00141093474427}, 
  {-0.00026455026455, -0.00026455026455, -0.00026455026455, -0.00026455026455, 0.000705467372134, 0.000705467372134, 0.000705467372134, 0.000705467372134, 0.000705467372134, 0.000705467372134}, 
  {-0.000529100529101, -0.000881834215168, -0.000881834215168, -0.000529100529101, 0.0021164021164, 0.0021164021164, 0.000705467372134, 0.00634920634921, 0.0021164021164, 0.0021164021164}, 
  {-0.00026455026455, -0.000440917107584, -0.000529100529101, -0.000529100529101, 0.00141093474427, 0.000705467372134, 0.000705467372134, 0.0021164021164, 0.0021164021164, 0.0010582010582}, 
  {-0.00026455026455, -0.000529100529101, -0.000440917107584, -0.000529100529101, 0.000705467372134, 0.00141093474427, 0.000705467372134, 0.0021164021164, 0.0010582010582, 0.0021164021164}};
  static const double IP_J_K_1_3_5[10][10]  = {{0.00026455026455, 0.000132275132275, 0.000176366843034, 0.000132275132275, -0.000440917107584, -0.000881834215168, -0.000440917107584, -0.000529100529101, -0.00026455026455, -0.000529100529101}, 
  {0.000132275132275, 0.000529100529101, 0.000132275132275, 0.0, -0.000529100529101, -0.000529100529101, -0.00026455026455, -0.000529100529101, -0.00026455026455, -0.00026455026455}, 
  {0.000176366843034, 0.000132275132275, 0.00026455026455, 0.000132275132275, -0.000529100529101, -0.000881834215168, -0.000529100529101, -0.000440917107584, -0.00026455026455, -0.000440917107584}, 
  {0.000132275132275, 0.0, 0.000132275132275, 0.000529100529101, -0.00026455026455, -0.000529100529101, -0.000529100529101, -0.00026455026455, -0.00026455026455, -0.000529100529101}, 
  {-0.000440917107584, -0.000529100529101, -0.000529100529101, -0.00026455026455, 0.0021164021164, 0.0021164021164, 0.00141093474427, 0.0010582010582, 0.000705467372134, 0.000705467372134}, 
  {-0.000881834215168, -0.000529100529101, -0.000881834215168, -0.000529100529101, 0.0021164021164, 0.00634920634921, 0.0021164021164, 0.0021164021164, 0.000705467372134, 0.0021164021164}, 
  {-0.000440917107584, -0.00026455026455, -0.000529100529101, -0.000529100529101, 0.00141093474427, 0.0021164021164, 0.0021164021164, 0.000705467372134, 0.000705467372134, 0.0010582010582}, 
  {-0.000529100529101, -0.000529100529101, -0.000440917107584, -0.00026455026455, 0.0010582010582, 0.0021164021164, 0.000705467372134, 0.0021164021164, 0.000705467372134, 0.00141093474427}, 
  {-0.00026455026455, -0.00026455026455, -0.00026455026455, -0.00026455026455, 0.000705467372134, 0.000705467372134, 0.000705467372134, 0.000705467372134, 0.000705467372134, 0.000705467372134}, 
  {-0.000529100529101, -0.00026455026455, -0.000440917107584, -0.000529100529101, 0.000705467372134, 0.0021164021164, 0.0010582010582, 0.00141093474427, 0.000705467372134, 0.0021164021164}};
  static const double IP_J_K_1_3_4[10][10]  = {{0.00026455026455, 0.000132275132275, 0.000132275132275, 0.000176366843034, -0.000440917107584, -0.000440917107584, -0.000881834215168, -0.00026455026455, -0.000529100529101, -0.000529100529101}, 
  {0.000132275132275, 0.000529100529101, -0.0, 0.000132275132275, -0.000529100529101, -0.00026455026455, -0.000529100529101, -0.00026455026455, -0.000529100529101, -0.00026455026455}, 
  {0.000132275132275, -0.0, 0.000529100529101, 0.000132275132275, -0.00026455026455, -0.000529100529101, -0.000529100529101, -0.00026455026455, -0.00026455026455, -0.000529100529101}, 
  {0.000176366843034, 0.000132275132275, 0.000132275132275, 0.00026455026455, -0.000529100529101, -0.000529100529101, -0.000881834215168, -0.00026455026455, -0.000440917107584, -0.000440917107584}, 
  {-0.000440917107584, -0.000529100529101, -0.00026455026455, -0.000529100529101, 0.0021164021164, 0.00141093474427, 0.0021164021164, 0.000705467372134, 0.0010582010582, 0.000705467372134}, 
  {-0.000440917107584, -0.00026455026455, -0.000529100529101, -0.000529100529101, 0.00141093474427, 0.0021164021164, 0.0021164021164, 0.000705467372134, 0.000705467372134, 0.0010582010582}, 
  {-0.000881834215168, -0.000529100529101, -0.000529100529101, -0.000881834215168, 0.0021164021164, 0.0021164021164, 0.00634920634921, 0.000705467372134, 0.0021164021164, 0.0021164021164}, 
  {-0.00026455026455, -0.00026455026455, -0.00026455026455, -0.00026455026455, 0.000705467372134, 0.000705467372134, 0.000705467372134, 0.000705467372134, 0.000705467372134, 0.000705467372134}, 
  {-0.000529100529101, -0.000529100529101, -0.00026455026455, -0.000440917107584, 0.0010582010582, 0.000705467372134, 0.0021164021164, 0.000705467372134, 0.0021164021164, 0.00141093474427}, 
  {-0.000529100529101, -0.00026455026455, -0.000529100529101, -0.000440917107584, 0.000705467372134, 0.0010582010582, 0.0021164021164, 0.000705467372134, 0.00141093474427, 0.0021164021164}};
  static const double IP_J_K_1_3_3[10][10]  = {{0.000529100529101, -0.0, 0.000132275132275, 0.000132275132275, -0.00026455026455, -0.000529100529101, -0.000529100529101, -0.00026455026455, -0.00026455026455, -0.000529100529101}, 
  {-0.0, 0.000529100529101, 0.000132275132275, 0.000132275132275, -0.00026455026455, -0.00026455026455, -0.00026455026455, -0.000529100529101, -0.000529100529101, -0.000529100529101}, 
  {0.000132275132275, 0.000132275132275, 0.00026455026455, 0.000176366843034, -0.00026455026455, -0.000440917107584, -0.000529100529101, -0.000440917107584, -0.000529100529101, -0.000881834215168}, 
  {0.000132275132275, 0.000132275132275, 0.000176366843034, 0.00026455026455, -0.00026455026455, -0.000529100529101, -0.000440917107584, -0.000529100529101, -0.000440917107584, -0.000881834215168}, 
  {-0.00026455026455, -0.00026455026455, -0.00026455026455, -0.00026455026455, 0.000705467372134, 0.000705467372134, 0.000705467372134, 0.000705467372134, 0.000705467372134, 0.000705467372134}, 
  {-0.000529100529101, -0.00026455026455, -0.000440917107584, -0.000529100529101, 0.000705467372134, 0.0021164021164, 0.0010582010582, 0.00141093474427, 0.000705467372134, 0.0021164021164}, 
  {-0.000529100529101, -0.00026455026455, -0.000529100529101, -0.000440917107584, 0.000705467372134, 0.0010582010582, 0.0021164021164, 0.000705467372134, 0.00141093474427, 0.0021164021164}, 
  {-0.00026455026455, -0.000529100529101, -0.000440917107584, -0.000529100529101, 0.000705467372134, 0.00141093474427, 0.000705467372134, 0.0021164021164, 0.0010582010582, 0.0021164021164}, 
  {-0.00026455026455, -0.000529100529101, -0.000529100529101, -0.000440917107584, 0.000705467372134, 0.000705467372134, 0.00141093474427, 0.0010582010582, 0.0021164021164, 0.0021164021164}, 
  {-0.000529100529101, -0.000529100529101, -0.000881834215168, -0.000881834215168, 0.000705467372134, 0.0021164021164, 0.0021164021164, 0.0021164021164, 0.0021164021164, 0.00634920634921}};
  static const double IP_J_K_1_3_2[10][10]  = {{-0.000132275132275, -2.20458553792e-05, -2.20458553792e-05, -0.000132275132275, 0.000132275132275, 0.000132275132275, 0.000176366843034, -0.0, 0.000132275132275, 0.000132275132275}, 
  {-2.20458553792e-05, -0.000132275132275, -2.20458553792e-05, -0.000132275132275, 0.000132275132275, 0.0, 0.000132275132275, 0.000132275132275, 0.000176366843034, 0.000132275132275}, 
  {-2.20458553792e-05, -2.20458553792e-05, -0.000132275132275, -0.000132275132275, 0.0, 0.000132275132275, 0.000132275132275, 0.000132275132275, 0.000132275132275, 0.000176366843034}, 
  {-0.000132275132275, -0.000132275132275, -0.000132275132275, 0.000396825396825, 0.000529100529101, 0.000529100529101, 0.00026455026455, 0.000529100529101, 0.00026455026455, 0.00026455026455}, 
  {0.000132275132275, 0.000132275132275, 0.0, 0.000529100529101, -0.000529100529101, -0.00026455026455, -0.000529100529101, -0.00026455026455, -0.000529100529101, -0.00026455026455}, 
  {0.000132275132275, 0.0, 0.000132275132275, 0.000529100529101, -0.00026455026455, -0.000529100529101, -0.000529100529101, -0.00026455026455, -0.00026455026455, -0.000529100529101}, 
  {0.000176366843034, 0.000132275132275, 0.000132275132275, 0.00026455026455, -0.000529100529101, -0.000529100529101, -0.000881834215168, -0.00026455026455, -0.000440917107584, -0.000440917107584}, 
  {-0.0, 0.000132275132275, 0.000132275132275, 0.000529100529101, -0.00026455026455, -0.00026455026455, -0.00026455026455, -0.000529100529101, -0.000529100529101, -0.000529100529101}, 
  {0.000132275132275, 0.000176366843034, 0.000132275132275, 0.00026455026455, -0.000529100529101, -0.00026455026455, -0.000440917107584, -0.000529100529101, -0.000881834215168, -0.000440917107584}, 
  {0.000132275132275, 0.000132275132275, 0.000176366843034, 0.00026455026455, -0.00026455026455, -0.000529100529101, -0.000440917107584, -0.000529100529101, -0.000440917107584, -0.000881834215168}};
  static const double IP_J_K_1_3_1[10][10]  = {{-0.000132275132275, -0.000132275132275, -2.20458553792e-05, -2.20458553792e-05, 0.000176366843034, 0.000132275132275, 0.000132275132275, 0.000132275132275, 0.000132275132275, -0.0}, 
  {-0.000132275132275, 0.000396825396825, -0.000132275132275, -0.000132275132275, 0.00026455026455, 0.000529100529101, 0.000529100529101, 0.00026455026455, 0.00026455026455, 0.000529100529101}, 
  {-2.20458553792e-05, -0.000132275132275, -0.000132275132275, -2.20458553792e-05, 0.000132275132275, 0.000132275132275, -0.0, 0.000176366843034, 0.000132275132275, 0.000132275132275}, 
  {-2.20458553792e-05, -0.000132275132275, -2.20458553792e-05, -0.000132275132275, 0.000132275132275, 0.0, 0.000132275132275, 0.000132275132275, 0.000176366843034, 0.000132275132275}, 
  {0.000176366843034, 0.00026455026455, 0.000132275132275, 0.000132275132275, -0.000881834215168, -0.000529100529101, -0.000529100529101, -0.000440917107584, -0.000440917107584, -0.00026455026455}, 
  {0.000132275132275, 0.000529100529101, 0.000132275132275, 0.0, -0.000529100529101, -0.000529100529101, -0.00026455026455, -0.000529100529101, -0.00026455026455, -0.00026455026455}, 
  {0.000132275132275, 0.000529100529101, -0.0, 0.000132275132275, -0.000529100529101, -0.00026455026455, -0.000529100529101, -0.00026455026455, -0.000529100529101, -0.00026455026455}, 
  {0.000132275132275, 0.00026455026455, 0.000176366843034, 0.000132275132275, -0.000440917107584, -0.000529100529101, -0.00026455026455, -0.000881834215168, -0.000440917107584, -0.000529100529101}, 
  {0.000132275132275, 0.00026455026455, 0.000132275132275, 0.000176366843034, -0.000440917107584, -0.00026455026455, -0.000529100529101, -0.000440917107584, -0.000881834215168, -0.000529100529101}, 
  {-0.0, 0.000529100529101, 0.000132275132275, 0.000132275132275, -0.00026455026455, -0.00026455026455, -0.00026455026455, -0.000529100529101, -0.000529100529101, -0.000529100529101}};
  static const double IP_J_K_1_3_0[10][10]  = {{0.000529100529101, 0.000132275132275, -0.0, 0.000132275132275, -0.000529100529101, -0.00026455026455, -0.000529100529101, -0.00026455026455, -0.000529100529101, -0.00026455026455}, 
  {0.000132275132275, 0.00026455026455, 0.000132275132275, 0.000176366843034, -0.000440917107584, -0.00026455026455, -0.000529100529101, -0.000440917107584, -0.000881834215168, -0.000529100529101}, 
  {-0.0, 0.000132275132275, 0.000529100529101, 0.000132275132275, -0.00026455026455, -0.00026455026455, -0.00026455026455, -0.000529100529101, -0.000529100529101, -0.000529100529101}, 
  {0.000132275132275, 0.000176366843034, 0.000132275132275, 0.00026455026455, -0.000529100529101, -0.00026455026455, -0.000440917107584, -0.000529100529101, -0.000881834215168, -0.000440917107584}, 
  {-0.000529100529101, -0.000440917107584, -0.00026455026455, -0.000529100529101, 0.0021164021164, 0.000705467372134, 0.0010582010582, 0.00141093474427, 0.0021164021164, 0.000705467372134}, 
  {-0.00026455026455, -0.00026455026455, -0.00026455026455, -0.00026455026455, 0.000705467372134, 0.000705467372134, 0.000705467372134, 0.000705467372134, 0.000705467372134, 0.000705467372134}, 
  {-0.000529100529101, -0.000529100529101, -0.00026455026455, -0.000440917107584, 0.0010582010582, 0.000705467372134, 0.0021164021164, 0.000705467372134, 0.0021164021164, 0.00141093474427}, 
  {-0.00026455026455, -0.000440917107584, -0.000529100529101, -0.000529100529101, 0.00141093474427, 0.000705467372134, 0.000705467372134, 0.0021164021164, 0.0021164021164, 0.0010582010582}, 
  {-0.000529100529101, -0.000881834215168, -0.000529100529101, -0.000881834215168, 0.0021164021164, 0.000705467372134, 0.0021164021164, 0.0021164021164, 0.00634920634921, 0.0021164021164}, 
  {-0.00026455026455, -0.000529100529101, -0.000529100529101, -0.000440917107584, 0.000705467372134, 0.000705467372134, 0.00141093474427, 0.0010582010582, 0.0021164021164, 0.0021164021164}};
  
  // Compute Jacobian
  double J[9];
  compute_jacobian_tetrahedron_3d(J, coordinate_dofs);
  
  // Compute Jacobian inverse and determinant
  double K[9];
  double detJ;
  compute_jacobian_inverse_tetrahedron_3d(K, detJ, J);
  
  const double det = fabs(detJ);
  
  // Compute cell volume
  
  
  // Compute circumradius
  
  
  static const double W24[24]  = {0.00665379170969465, 0.00665379170969465, 0.00665379170969465, 0.00665379170969465, 0.00167953517588678, 0.00167953517588678, 0.00167953517588678, 0.00167953517588678, 0.0092261969239424, 0.0092261969239424, 0.0092261969239424, 0.0092261969239424, 0.00803571428571428, 0.00803571428571428, 0.00803571428571428, 0.00803571428571428, 0.00803571428571428, 0.00803571428571428, 0.00803571428571428, 0.00803571428571428, 0.00803571428571428, 0.00803571428571428, 0.00803571428571428, 0.00803571428571428};
  static const double FE0[24][10]  = {{-0.122494086553808, -0.102446778984269, -0.122494086553808, -0.122494086553808, 0.184217569410688, 0.305758776804542, 0.305758776804542, 0.184217569410688, 0.184217569410688, 0.305758776804542}, 
  {-0.102446778984269, -0.122494086553808, -0.122494086553808, -0.122494086553808, 0.184217569410688, 0.184217569410688, 0.184217569410688, 0.305758776804542, 0.305758776804542, 0.305758776804542}, 
  {-0.122494086553808, -0.122494086553808, -0.122494086553808, -0.102446778984269, 0.305758776804542, 0.305758776804542, 0.184217569410688, 0.305758776804542, 0.184217569410688, 0.184217569410688}, 
  {-0.122494086553808, -0.122494086553808, -0.102446778984269, -0.122494086553808, 0.305758776804542, 0.184217569410688, 0.305758776804542, 0.184217569410688, 0.305758776804542, 0.184217569410688}, 
  {-0.0373652167288609, 0.663713049440253, -0.0373652167288607, -0.0373652167288608, 0.00661748361150112, 0.142843383303942, 0.142843383303942, 0.00661748361150115, 0.00661748361150111, 0.142843383303942}, 
  {0.663713049440253, -0.0373652167288607, -0.0373652167288607, -0.0373652167288608, 0.00661748361150112, 0.00661748361150116, 0.00661748361150109, 0.142843383303942, 0.142843383303942, 0.142843383303942}, 
  {-0.0373652167288608, -0.0373652167288607, -0.0373652167288608, 0.663713049440253, 0.142843383303942, 0.142843383303942, 0.0066174836115012, 0.142843383303942, 0.00661748361150104, 0.00661748361150112}, 
  {-0.0373652167288609, -0.0373652167288608, 0.663713049440253, -0.0373652167288608, 0.142843383303942, 0.0066174836115011, 0.142843383303942, 0.00661748361150113, 0.142843383303942, 0.00661748361150109}, 
  {-0.114534459299528, -0.0308101336957531, -0.114534459299528, -0.114534459299528, 0.415606861685495, 0.0425309755126176, 0.0425309755126175, 0.415606861685495, 0.415606861685495, 0.0425309755126175}, 
  {-0.030810133695753, -0.114534459299528, -0.114534459299528, -0.114534459299528, 0.415606861685495, 0.415606861685495, 0.415606861685495, 0.0425309755126173, 0.042530975512617, 0.0425309755126172}, 
  {-0.114534459299528, -0.114534459299528, -0.114534459299528, -0.0308101336957531, 0.0425309755126175, 0.0425309755126175, 0.415606861685495, 0.0425309755126175, 0.415606861685495, 0.415606861685495}, 
  {-0.114534459299528, -0.114534459299528, -0.0308101336957531, -0.114534459299528, 0.0425309755126175, 0.415606861685495, 0.0425309755126175, 0.415606861685495, 0.0425309755126174, 0.415606861685495}, 
  {0.124225998749988, -0.124225998749988, -0.0555555555555555, -0.0555555555555556, 0.0162108926389239, 0.0686704431944328, 0.0686704431944328, 0.153551779027789, 0.153551779027789, 0.650455774027743}, 
  {0.124225998749988, -0.0555555555555555, -0.124225998749988, -0.0555555555555556, 0.0686704431944328, 0.016210892638924, 0.0686704431944328, 0.153551779027789, 0.650455774027743, 0.153551779027789}, 
  {0.124225998749988, -0.0555555555555555, -0.0555555555555555, -0.124225998749988, 0.0686704431944327, 0.0686704431944328, 0.0162108926389239, 0.650455774027743, 0.153551779027789, 0.153551779027789}, 
  {-0.124225998749988, 0.124225998749988, -0.0555555555555555, -0.0555555555555556, 0.0162108926389239, 0.153551779027789, 0.153551779027789, 0.0686704431944329, 0.0686704431944327, 0.650455774027743}, 
  {-0.124225998749988, -0.0555555555555555, 0.124225998749988, -0.0555555555555556, 0.153551779027789, 0.016210892638924, 0.15355177902779, 0.0686704431944328, 0.650455774027743, 0.0686704431944327}, 
  {-0.124225998749988, -0.0555555555555555, -0.0555555555555555, 0.124225998749988, 0.153551779027789, 0.153551779027789, 0.016210892638924, 0.650455774027743, 0.0686704431944327, 0.0686704431944327}, 
  {-0.0555555555555556, -0.0555555555555555, -0.124225998749988, 0.124225998749988, 0.650455774027743, 0.153551779027789, 0.0686704431944328, 0.15355177902779, 0.0686704431944327, 0.0162108926389239}, 
  {-0.0555555555555556, -0.124225998749988, 0.124225998749988, -0.0555555555555556, 0.153551779027789, 0.0686704431944328, 0.650455774027743, 0.016210892638924, 0.153551779027789, 0.0686704431944328}, 
  {-0.0555555555555557, 0.124225998749988, -0.0555555555555555, -0.124225998749988, 0.0686704431944327, 0.650455774027743, 0.153551779027789, 0.0686704431944329, 0.0162108926389239, 0.15355177902779}, 
  {-0.0555555555555556, -0.0555555555555555, 0.124225998749988, -0.124225998749988, 0.650455774027743, 0.0686704431944328, 0.153551779027789, 0.0686704431944329, 0.153551779027789, 0.016210892638924}, 
  {-0.0555555555555556, -0.124225998749988, -0.0555555555555556, 0.124225998749988, 0.153551779027789, 0.650455774027743, 0.0686704431944328, 0.153551779027789, 0.0162108926389239, 0.0686704431944328}, 
  {-0.0555555555555556, 0.124225998749988, -0.124225998749988, -0.0555555555555556, 0.0686704431944328, 0.153551779027789, 0.650455774027743, 0.016210892638924, 0.0686704431944327, 0.15355177902779}};
  double CONST_1_1_0  = (w0[7][0] * det);
  double CONST_1_1_1  = (w0[5][0] * det);
  double CONST_1_1_2  = (w0[1][0] * det);
  double CONST_1_1_3  = (w0[6][0] * det);
  double CONST_1_1_4  = (w0[0][0] * det);
  double CONST_1_1_5  = (w0[9][0] * det);
  double CONST_1_1_6  = (w0[3][0] * det);
  double CONST_1_1_7  = (w0[8][0] * det);
  double CONST_1_1_8  = (w0[4][0] * det);
  double CONST_1_1_9  = (w0[2][0] * det);
  
  
  for (int j  = 0; j < 10; j += 1)
  {
    
    for (int k  = 0; k < 10; k += 1)
    {
      A[j][k] += ((IP_J_K_1_3_8[j][k] * CONST_1_1_4) + (IP_J_K_1_3_1[j][k] * CONST_1_1_2) + (IP_J_K_1_3_9[j][k] * CONST_1_1_9) + (IP_J_K_1_3_2[j][k] * CONST_1_1_6) + (IP_J_K_1_3_7[j][k] * CONST_1_1_8) + (IP_J_K_1_3_5[j][k] * CONST_1_1_1) + (IP_J_K_1_3_4[j][k] * CONST_1_1_3) + (IP_J_K_1_3_6[j][k] * CONST_1_1_0) + (IP_J_K_1_3_0[j][k] * CONST_1_1_7) + (IP_J_K_1_3_3[j][k] * CONST_1_1_5));
      
    }
    
  }
  
}
            

        
        void wrap_form_cell_integral_0_otherwise(int start, int end,
                      Mat arg0_0_, int *arg0_0_map0_0, int *arg0_0_map1_0, double *arg1_0, int *arg1_0_map0_0, double *arg2_0, int *arg2_0_map0_0
                      ) {
  Mat arg0_0_0 = arg0_0_;
  double *arg1_0_vec[12];
    double *arg2_0_vec[10];
  for ( int n = start; n < end; n++ ) {
    int i = n;
    arg1_0_vec[0] = arg1_0 + (arg1_0_map0_0[i * 4 + 0])* 3;
    arg1_0_vec[1] = arg1_0 + (arg1_0_map0_0[i * 4 + 1])* 3;
    arg1_0_vec[2] = arg1_0 + (arg1_0_map0_0[i * 4 + 2])* 3;
    arg1_0_vec[3] = arg1_0 + (arg1_0_map0_0[i * 4 + 3])* 3;
    arg1_0_vec[4] = arg1_0 + (arg1_0_map0_0[i * 4 + 0])* 3 + 1;
    arg1_0_vec[5] = arg1_0 + (arg1_0_map0_0[i * 4 + 1])* 3 + 1;
    arg1_0_vec[6] = arg1_0 + (arg1_0_map0_0[i * 4 + 2])* 3 + 1;
    arg1_0_vec[7] = arg1_0 + (arg1_0_map0_0[i * 4 + 3])* 3 + 1;
    arg1_0_vec[8] = arg1_0 + (arg1_0_map0_0[i * 4 + 0])* 3 + 2;
    arg1_0_vec[9] = arg1_0 + (arg1_0_map0_0[i * 4 + 1])* 3 + 2;
    arg1_0_vec[10] = arg1_0 + (arg1_0_map0_0[i * 4 + 2])* 3 + 2;
    arg1_0_vec[11] = arg1_0 + (arg1_0_map0_0[i * 4 + 3])* 3 + 2;
    arg2_0_vec[0] = arg2_0 + (arg2_0_map0_0[i * 10 + 0])* 1;
    arg2_0_vec[1] = arg2_0 + (arg2_0_map0_0[i * 10 + 1])* 1;
    arg2_0_vec[2] = arg2_0 + (arg2_0_map0_0[i * 10 + 2])* 1;
    arg2_0_vec[3] = arg2_0 + (arg2_0_map0_0[i * 10 + 3])* 1;
    arg2_0_vec[4] = arg2_0 + (arg2_0_map0_0[i * 10 + 4])* 1;
    arg2_0_vec[5] = arg2_0 + (arg2_0_map0_0[i * 10 + 5])* 1;
    arg2_0_vec[6] = arg2_0 + (arg2_0_map0_0[i * 10 + 6])* 1;
    arg2_0_vec[7] = arg2_0 + (arg2_0_map0_0[i * 10 + 7])* 1;
    arg2_0_vec[8] = arg2_0 + (arg2_0_map0_0[i * 10 + 8])* 1;
    arg2_0_vec[9] = arg2_0 + (arg2_0_map0_0[i * 10 + 9])* 1;
    double buffer_arg0_0[10][10]  = {{0.0}};
    form_cell_integral_0_otherwise(buffer_arg0_0, arg1_0_vec, arg2_0_vec);
    MatSetValuesLocal(arg0_0_0, 10, arg0_0_map0_0 + i * 10,
                                             10, arg0_0_map1_0 + i * 10,
                                             (const PetscScalar *)buffer_arg0_0,
                                             ADD_VALUES);;
  }
}
        
        